1881951001
1881951002
1881951003
1881951004
1881951005
1881951006
1881951007
1881951008
1881951009
1881951010
1881951011
1881951012
1881951013
1881951014
1881951015
1881951016
1881951017
1881951018
1881951019
1881951020
1881951021
1881951022
1881951023
1881951024
1881951025
1881951026
1881951027
1881951028
1881951029
1881951030
1881951031
1881951032
1881951033
1881951034
1881951035
1881951036
1881951037
1881951038
1881951039
1881951040
1881951041
1881951042
1881951043
1881951044
1881951045
1881951046
1881951047
1881951048
1881951049
1881951050
1881951051
1881951052
1881951053
1881951054
1881951055
1881951056
1881951057
1881951058
1881951059
1881951060
1881951061
1881951062
1881951063
1881951064
1881951065
1881951066

